10 10 10
30 10 10
nan nan nan
30 10 10
30 50 10
nan nan nan
30 50 10
10 50 10
nan nan nan
10 50 10
10 10 10
nan nan nan
10 10 70
30 10 70
nan nan nan
30 10 70
30 50 70
nan nan nan
30 50 70
10 50 70
nan nan nan
10 50 70
10 10 70
nan nan nan
10 10 10
10 10 70
nan nan nan
30 10 10
30 10 70
nan nan nan
30 50 10
30 50 70
nan nan nan
10 50 10
10 50 70
nan nan nan
nan nan nan
30 30 40
29.9211 31.2533 40
29.6858 32.4869 40
29.2978 33.6812 40
28.7631 34.8175 40
28.0902 35.8779 40
27.2897 36.8455 40
26.3742 37.7051 40
25.3583 38.4433 40
24.2578 39.0483 40
23.0902 39.5106 40
21.8738 39.8229 40
20.6279 39.9803 40
19.3721 39.9803 40
18.1262 39.8229 40
16.9098 39.5106 40
15.7422 39.0483 40
14.6417 38.4433 40
13.6258 37.7051 40
12.7103 36.8455 40
11.9098 35.8779 40
11.2369 34.8175 40
10.7022 33.6812 40
10.3142 32.4869 40
10.0789 31.2533 40
10 30 40
10.0789 28.7467 40
10.3142 27.5131 40
10.7022 26.3188 40
11.2369 25.1825 40
11.9098 24.1221 40
12.7103 23.1545 40
13.6258 22.2949 40
14.6417 21.5567 40
15.7422 20.9517 40
16.9098 20.4894 40
18.1262 20.1771 40
19.3721 20.0197 40
20.6279 20.0197 40
21.8738 20.1771 40
23.0902 20.4894 40
24.2578 20.9517 40
25.3583 21.5567 40
26.3742 22.2949 40
27.2897 23.1545 40
28.0902 24.1221 40
28.7631 25.1825 40
29.2978 26.3188 40
29.6858 27.5131 40
29.9211 28.7467 40
30 30 40
nan nan nan
30 30 90
29.9211 31.2533 90
29.6858 32.4869 90
29.2978 33.6812 90
28.7631 34.8175 90
28.0902 35.8779 90
27.2897 36.8455 90
26.3742 37.7051 90
25.3583 38.4433 90
24.2578 39.0483 90
23.0902 39.5106 90
21.8738 39.8229 90
20.6279 39.9803 90
19.3721 39.9803 90
18.1262 39.8229 90
16.9098 39.5106 90
15.7422 39.0483 90
14.6417 38.4433 90
13.6258 37.7051 90
12.7103 36.8455 90
11.9098 35.8779 90
11.2369 34.8175 90
10.7022 33.6812 90
10.3142 32.4869 90
10.0789 31.2533 90
10 30 90
10.0789 28.7467 90
10.3142 27.5131 90
10.7022 26.3188 90
11.2369 25.1825 90
11.9098 24.1221 90
12.7103 23.1545 90
13.6258 22.2949 90
14.6417 21.5567 90
15.7422 20.9517 90
16.9098 20.4894 90
18.1262 20.1771 90
19.3721 20.0197 90
20.6279 20.0197 90
21.8738 20.1771 90
23.0902 20.4894 90
24.2578 20.9517 90
25.3583 21.5567 90
26.3742 22.2949 90
27.2897 23.1545 90
28.0902 24.1221 90
28.7631 25.1825 90
29.2978 26.3188 90
29.6858 27.5131 90
29.9211 28.7467 90
30 30 90
nan nan nan
30 30 40
30 30 90
nan nan nan
29.6858 32.4869 40
29.6858 32.4869 90
nan nan nan
28.7631 34.8175 40
28.7631 34.8175 90
nan nan nan
27.2897 36.8455 40
27.2897 36.8455 90
nan nan nan
25.3583 38.4433 40
25.3583 38.4433 90
nan nan nan
23.0902 39.5106 40
23.0902 39.5106 90
nan nan nan
20.6279 39.9803 40
20.6279 39.9803 90
nan nan nan
18.1262 39.8229 40
18.1262 39.8229 90
nan nan nan
15.7422 39.0483 40
15.7422 39.0483 90
nan nan nan
13.6258 37.7051 40
13.6258 37.7051 90
nan nan nan
11.9098 35.8779 40
11.9098 35.8779 90
nan nan nan
10.7022 33.6812 40
10.7022 33.6812 90
nan nan nan
10.0789 31.2533 40
10.0789 31.2533 90
nan nan nan
10.0789 28.7467 40
10.0789 28.7467 90
nan nan nan
10.7022 26.3188 40
10.7022 26.3188 90
nan nan nan
11.9098 24.1221 40
11.9098 24.1221 90
nan nan nan
13.6258 22.2949 40
13.6258 22.2949 90
nan nan nan
15.7422 20.9517 40
15.7422 20.9517 90
nan nan nan
18.1262 20.1771 40
18.1262 20.1771 90
nan nan nan
20.6279 20.0197 40
20.6279 20.0197 90
nan nan nan
23.0902 20.4894 40
23.0902 20.4894 90
nan nan nan
25.3583 21.5567 40
25.3583 21.5567 90
nan nan nan
27.2897 23.1545 40
27.2897 23.1545 90
nan nan nan
28.7631 25.1825 40
28.7631 25.1825 90
nan nan nan
29.6858 27.5131 40
29.6858 27.5131 90
nan nan nan
30 30 40
30 30 90
nan nan nan
nan nan nan
20 20 100
20 20 100
20 20 100
20 20 100
20 20 100
20 20 100
20 20 100
20 20 100
20 20 100
20 20 100
20 20 100
20 20 100
20 20 100
20 20 100
20 20 100
20 20 100
20 20 100
20 20 100
20 20 100
20 20 100
20 20 100
nan nan nan
27.8217 20 99.3844
27.4389 22.417 99.3844
26.3279 24.5975 99.3844
24.5975 26.3279 99.3844
22.417 27.4389 99.3844
20 27.8217 99.3844
17.583 27.4389 99.3844
15.4025 26.3279 99.3844
13.6721 24.5975 99.3844
12.5611 22.417 99.3844
12.1783 20 99.3844
12.5611 17.583 99.3844
13.6721 15.4025 99.3844
15.4025 13.6721 99.3844
17.583 12.5611 99.3844
20 12.1783 99.3844
22.417 12.5611 99.3844
24.5975 13.6721 99.3844
26.3279 15.4025 99.3844
27.4389 17.583 99.3844
27.8217 20 99.3844
nan nan nan
35.4508 20 97.5528
34.6946 24.7746 97.5528
32.5 29.0818 97.5528
29.0818 32.5 97.5528
24.7746 34.6946 97.5528
20 35.4508 97.5528
15.2254 34.6946 97.5528
10.9182 32.5 97.5528
7.5 29.0818 97.5528
5.30537 24.7746 97.5528
4.54915 20 97.5528
5.30537 15.2254 97.5528
7.5 10.9182 97.5528
10.9182 7.5 97.5528
15.2254 5.30537 97.5528
20 4.54915 97.5528
24.7746 5.30537 97.5528
29.0818 7.5 97.5528
32.5 10.9182 97.5528
34.6946 15.2254 97.5528
35.4508 20 97.5528
nan nan nan
42.6995 20 94.5503
41.5885 27.0145 94.5503
38.3643 33.3424 94.5503
33.3424 38.3643 94.5503
27.0145 41.5885 94.5503
20 42.6995 94.5503
12.9855 41.5885 94.5503
6.65755 38.3643 94.5503
1.6357 33.3424 94.5503
-1.58853 27.0145 94.5503
-2.69952 20 94.5503
-1.58853 12.9855 94.5503
1.6357 6.65755 94.5503
6.65755 1.6357 94.5503
12.9855 -1.58853 94.5503
20 -2.69952 94.5503
27.0145 -1.58853 94.5503
33.3424 1.6357 94.5503
38.3643 6.65755 94.5503
41.5885 12.9855 94.5503
42.6995 20 94.5503
nan nan nan
49.3893 20 90.4508
47.9508 29.0818 90.4508
43.7764 37.2746 90.4508
37.2746 43.7764 90.4508
29.0818 47.9508 90.4508
20 49.3893 90.4508
10.9182 47.9508 90.4508
2.72542 43.7764 90.4508
-3.77641 37.2746 90.4508
-7.95085 29.0818 90.4508
-9.38926 20 90.4508
-7.95085 10.9182 90.4508
-3.77641 2.72542 90.4508
2.72542 -3.77641 90.4508
10.9182 -7.95085 90.4508
20 -9.38926 90.4508
29.0818 -7.95085 90.4508
37.2746 -3.77641 90.4508
43.7764 2.72542 90.4508
47.9508 10.9182 90.4508
49.3893 20 90.4508
nan nan nan
55.3553 20 85.3553
53.6249 30.9254 85.3553
48.6031 40.7813 85.3553
40.7813 48.6031 85.3553
30.9254 53.6249 85.3553
20 55.3553 85.3553
9.0746 53.6249 85.3553
-0.781347 48.6031 85.3553
-8.60307 40.7813 85.3553
-13.6249 30.9254 85.3553
-15.3553 20 85.3553
-13.6249 9.0746 85.3553
-8.60307 -0.781347 85.3553
-0.781347 -8.60307 85.3553
9.0746 -13.6249 85.3553
20 -15.3553 85.3553
30.9254 -13.6249 85.3553
40.7813 -8.60307 85.3553
48.6031 -0.781347 85.3553
53.6249 9.0746 85.3553
55.3553 20 85.3553
nan nan nan
60.4508 20 79.3893
58.471 32.5 79.3893
52.7254 43.7764 79.3893
43.7764 52.7254 79.3893
32.5 58.471 79.3893
20 60.4508 79.3893
7.5 58.471 79.3893
-3.77641 52.7254 79.3893
-12.7254 43.7764 79.3893
-18.471 32.5 79.3893
-20.4508 20 79.3893
-18.471 7.5 79.3893
-12.7254 -3.77641 79.3893
-3.77641 -12.7254 79.3893
7.5 -18.471 79.3893
20 -20.4508 79.3893
32.5 -18.471 79.3893
43.7764 -12.7254 79.3893
52.7254 -3.77641 79.3893
58.471 7.5 79.3893
60.4508 20 79.3893
nan nan nan
64.5503 20 72.6995
62.3699 33.7668 72.6995
56.042 46.186 72.6995
46.186 56.042 72.6995
33.7668 62.3699 72.6995
20 64.5503 72.6995
6.23319 62.3699 72.6995
-6.18602 56.042 72.6995
-16.042 46.186 72.6995
-22.3699 33.7668 72.6995
-24.5503 20 72.6995
-22.3699 6.23319 72.6995
-16.042 -6.18602 72.6995
-6.18602 -16.042 72.6995
6.23319 -22.3699 72.6995
20 -24.5503 72.6995
33.7668 -22.3699 72.6995
46.186 -16.042 72.6995
56.042 -6.18602 72.6995
62.3699 6.23319 72.6995
64.5503 20 72.6995
nan nan nan
67.5528 20 65.4508
65.2254 34.6946 65.4508
58.471 47.9508 65.4508
47.9508 58.471 65.4508
34.6946 65.2254 65.4508
20 67.5528 65.4508
5.30537 65.2254 65.4508
-7.95085 58.471 65.4508
-18.471 47.9508 65.4508
-25.2254 34.6946 65.4508
-27.5528 20 65.4508
-25.2254 5.30537 65.4508
-18.471 -7.95085 65.4508
-7.95085 -18.471 65.4508
5.30537 -25.2254 65.4508
20 -27.5528 65.4508
34.6946 -25.2254 65.4508
47.9508 -18.471 65.4508
58.471 -7.95085 65.4508
65.2254 5.30537 65.4508
67.5528 20 65.4508
nan nan nan
69.3844 20 57.8217
66.9674 35.2606 57.8217
59.9528 49.0274 57.8217
49.0274 59.9528 57.8217
35.2606 66.9674 57.8217
20 69.3844 57.8217
4.73938 66.9674 57.8217
-9.02743 59.9528 57.8217
-19.9528 49.0274 57.8217
-26.9674 35.2606 57.8217
-29.3844 20 57.8217
-26.9674 4.73938 57.8217
-19.9528 -9.02743 57.8217
-9.02743 -19.9528 57.8217
4.73938 -26.9674 57.8217
20 -29.3844 57.8217
35.2606 -26.9674 57.8217
49.0274 -19.9528 57.8217
59.9528 -9.02743 57.8217
66.9674 4.73938 57.8217
69.3844 20 57.8217
nan nan nan
70 20 50
67.5528 35.4508 50
60.4508 49.3893 50
49.3893 60.4508 50
35.4508 67.5528 50
20 70 50
4.54915 67.5528 50
-9.38926 60.4508 50
-20.4508 49.3893 50
-27.5528 35.4508 50
-30 20 50
-27.5528 4.54915 50
-20.4508 -9.38926 50
-9.38926 -20.4508 50
4.54915 -27.5528 50
20 -30 50
35.4508 -27.5528 50
49.3893 -20.4508 50
60.4508 -9.38926 50
67.5528 4.54915 50
70 20 50
nan nan nan
69.3844 20 42.1783
66.9674 35.2606 42.1783
59.9528 49.0274 42.1783
49.0274 59.9528 42.1783
35.2606 66.9674 42.1783
20 69.3844 42.1783
4.73938 66.9674 42.1783
-9.02743 59.9528 42.1783
-19.9528 49.0274 42.1783
-26.9674 35.2606 42.1783
-29.3844 20 42.1783
-26.9674 4.73938 42.1783
-19.9528 -9.02743 42.1783
-9.02743 -19.9528 42.1783
4.73938 -26.9674 42.1783
20 -29.3844 42.1783
35.2606 -26.9674 42.1783
49.0274 -19.9528 42.1783
59.9528 -9.02743 42.1783
66.9674 4.73938 42.1783
69.3844 20 42.1783
nan nan nan
67.5528 20 34.5492
65.2254 34.6946 34.5492
58.471 47.9508 34.5492
47.9508 58.471 34.5492
34.6946 65.2254 34.5492
20 67.5528 34.5492
5.30537 65.2254 34.5492
-7.95085 58.471 34.5492
-18.471 47.9508 34.5492
-25.2254 34.6946 34.5492
-27.5528 20 34.5492
-25.2254 5.30537 34.5492
-18.471 -7.95085 34.5492
-7.95085 -18.471 34.5492
5.30537 -25.2254 34.5492
20 -27.5528 34.5492
34.6946 -25.2254 34.5492
47.9508 -18.471 34.5492
58.471 -7.95085 34.5492
65.2254 5.30537 34.5492
67.5528 20 34.5492
nan nan nan
64.5503 20 27.3005
62.3699 33.7668 27.3005
56.042 46.186 27.3005
46.186 56.042 27.3005
33.7668 62.3699 27.3005
20 64.5503 27.3005
6.23319 62.3699 27.3005
-6.18602 56.042 27.3005
-16.042 46.186 27.3005
-22.3699 33.7668 27.3005
-24.5503 20 27.3005
-22.3699 6.23319 27.3005
-16.042 -6.18602 27.3005
-6.18602 -16.042 27.3005
6.23319 -22.3699 27.3005
20 -24.5503 27.3005
33.7668 -22.3699 27.3005
46.186 -16.042 27.3005
56.042 -6.18602 27.3005
62.3699 6.23319 27.3005
64.5503 20 27.3005
nan nan nan
60.4508 20 20.6107
58.471 32.5 20.6107
52.7254 43.7764 20.6107
43.7764 52.7254 20.6107
32.5 58.471 20.6107
20 60.4508 20.6107
7.5 58.471 20.6107
-3.77641 52.7254 20.6107
-12.7254 43.7764 20.6107
-18.471 32.5 20.6107
-20.4508 20 20.6107
-18.471 7.5 20.6107
-12.7254 -3.77641 20.6107
-3.77641 -12.7254 20.6107
7.5 -18.471 20.6107
20 -20.4508 20.6107
32.5 -18.471 20.6107
43.7764 -12.7254 20.6107
52.7254 -3.77641 20.6107
58.471 7.5 20.6107
60.4508 20 20.6107
nan nan nan
55.3553 20 14.6447
53.6249 30.9254 14.6447
48.6031 40.7813 14.6447
40.7813 48.6031 14.6447
30.9254 53.6249 14.6447
20 55.3553 14.6447
9.0746 53.6249 14.6447
-0.781347 48.6031 14.6447
-8.60307 40.7813 14.6447
-13.6249 30.9254 14.6447
-15.3553 20 14.6447
-13.6249 9.0746 14.6447
-8.60307 -0.781347 14.6447
-0.781347 -8.60307 14.6447
9.0746 -13.6249 14.6447
20 -15.3553 14.6447
30.9254 -13.6249 14.6447
40.7813 -8.60307 14.6447
48.6031 -0.781347 14.6447
53.6249 9.0746 14.6447
55.3553 20 14.6447
nan nan nan
49.3893 20 9.54915
47.9508 29.0818 9.54915
43.7764 37.2746 9.54915
37.2746 43.7764 9.54915
29.0818 47.9508 9.54915
20 49.3893 9.54915
10.9182 47.9508 9.54915
2.72542 43.7764 9.54915
-3.77641 37.2746 9.54915
-7.95085 29.0818 9.54915
-9.38926 20 9.54915
-7.95085 10.9182 9.54915
-3.77641 2.72542 9.54915
2.72542 -3.77641 9.54915
10.9182 -7.95085 9.54915
20 -9.38926 9.54915
29.0818 -7.95085 9.54915
37.2746 -3.77641 9.54915
43.7764 2.72542 9.54915
47.9508 10.9182 9.54915
49.3893 20 9.54915
nan nan nan
42.6995 20 5.44967
41.5885 27.0145 5.44967
38.3643 33.3424 5.44967
33.3424 38.3643 5.44967
27.0145 41.5885 5.44967
20 42.6995 5.44967
12.9855 41.5885 5.44967
6.65755 38.3643 5.44967
1.6357 33.3424 5.44967
-1.58853 27.0145 5.44967
-2.69952 20 5.44967
-1.58853 12.9855 5.44967
1.6357 6.65755 5.44967
6.65755 1.6357 5.44967
12.9855 -1.58853 5.44967
20 -2.69952 5.44967
27.0145 -1.58853 5.44967
33.3424 1.6357 5.44967
38.3643 6.65755 5.44967
41.5885 12.9855 5.44967
42.6995 20 5.44967
nan nan nan
35.4508 20 2.44717
34.6946 24.7746 2.44717
32.5 29.0818 2.44717
29.0818 32.5 2.44717
24.7746 34.6946 2.44717
20 35.4508 2.44717
15.2254 34.6946 2.44717
10.9182 32.5 2.44717
7.5 29.0818 2.44717
5.30537 24.7746 2.44717
4.54915 20 2.44717
5.30537 15.2254 2.44717
7.5 10.9182 2.44717
10.9182 7.5 2.44717
15.2254 5.30537 2.44717
20 4.54915 2.44717
24.7746 5.30537 2.44717
29.0818 7.5 2.44717
32.5 10.9182 2.44717
34.6946 15.2254 2.44717
35.4508 20 2.44717
nan nan nan
27.8217 20 0.615583
27.4389 22.417 0.615583
26.3279 24.5975 0.615583
24.5975 26.3279 0.615583
22.417 27.4389 0.615583
20 27.8217 0.615583
17.583 27.4389 0.615583
15.4025 26.3279 0.615583
13.6721 24.5975 0.615583
12.5611 22.417 0.615583
12.1783 20 0.615583
12.5611 17.583 0.615583
13.6721 15.4025 0.615583
15.4025 13.6721 0.615583
17.583 12.5611 0.615583
20 12.1783 0.615583
22.417 12.5611 0.615583
24.5975 13.6721 0.615583
26.3279 15.4025 0.615583
27.4389 17.583 0.615583
27.8217 20 0.615583
nan nan nan
20 20 0
20 20 0
20 20 0
20 20 0
20 20 0
20 20 0
20 20 0
20 20 0
20 20 0
20 20 0
20 20 0
20 20 0
20 20 0
20 20 0
20 20 0
20 20 0
20 20 0
20 20 0
20 20 0
20 20 0
20 20 0
nan nan nan
20 20 100
27.8217 20 99.3844
35.4508 20 97.5528
42.6995 20 94.5503
49.3893 20 90.4508
55.3553 20 85.3553
60.4508 20 79.3893
64.5503 20 72.6995
67.5528 20 65.4508
69.3844 20 57.8217
70 20 50
69.3844 20 42.1783
67.5528 20 34.5492
64.5503 20 27.3005
60.4508 20 20.6107
55.3553 20 14.6447
49.3893 20 9.54915
42.6995 20 5.44967
35.4508 20 2.44717
27.8217 20 0.615583
20 20 0
nan nan nan
20 20 100
26.3279 24.5975 99.3844
32.5 29.0818 97.5528
38.3643 33.3424 94.5503
43.7764 37.2746 90.4508
48.6031 40.7813 85.3553
52.7254 43.7764 79.3893
56.042 46.186 72.6995
58.471 47.9508 65.4508
59.9528 49.0274 57.8217
60.4508 49.3893 50
59.9528 49.0274 42.1783
58.471 47.9508 34.5492
56.042 46.186 27.3005
52.7254 43.7764 20.6107
48.6031 40.7813 14.6447
43.7764 37.2746 9.54915
38.3643 33.3424 5.44967
32.5 29.0818 2.44717
26.3279 24.5975 0.615583
20 20 0
nan nan nan
20 20 100
22.417 27.4389 99.3844
24.7746 34.6946 97.5528
27.0145 41.5885 94.5503
29.0818 47.9508 90.4508
30.9254 53.6249 85.3553
32.5 58.471 79.3893
33.7668 62.3699 72.6995
34.6946 65.2254 65.4508
35.2606 66.9674 57.8217
35.4508 67.5528 50
35.2606 66.9674 42.1783
34.6946 65.2254 34.5492
33.7668 62.3699 27.3005
32.5 58.471 20.6107
30.9254 53.6249 14.6447
29.0818 47.9508 9.54915
27.0145 41.5885 5.44967
24.7746 34.6946 2.44717
22.417 27.4389 0.615583
20 20 0
nan nan nan
20 20 100
17.583 27.4389 99.3844
15.2254 34.6946 97.5528
12.9855 41.5885 94.5503
10.9182 47.9508 90.4508
9.0746 53.6249 85.3553
7.5 58.471 79.3893
6.23319 62.3699 72.6995
5.30537 65.2254 65.4508
4.73938 66.9674 57.8217
4.54915 67.5528 50
4.73938 66.9674 42.1783
5.30537 65.2254 34.5492
6.23319 62.3699 27.3005
7.5 58.471 20.6107
9.0746 53.6249 14.6447
10.9182 47.9508 9.54915
12.9855 41.5885 5.44967
15.2254 34.6946 2.44717
17.583 27.4389 0.615583
20 20 0
nan nan nan
20 20 100
13.6721 24.5975 99.3844
7.5 29.0818 97.5528
1.6357 33.3424 94.5503
-3.77641 37.2746 90.4508
-8.60307 40.7813 85.3553
-12.7254 43.7764 79.3893
-16.042 46.186 72.6995
-18.471 47.9508 65.4508
-19.9528 49.0274 57.8217
-20.4508 49.3893 50
-19.9528 49.0274 42.1783
-18.471 47.9508 34.5492
-16.042 46.186 27.3005
-12.7254 43.7764 20.6107
-8.60307 40.7813 14.6447
-3.77641 37.2746 9.54915
1.6357 33.3424 5.44967
7.5 29.0818 2.44717
13.6721 24.5975 0.615583
20 20 0
nan nan nan
20 20 100
12.1783 20 99.3844
4.54915 20 97.5528
-2.69952 20 94.5503
-9.38926 20 90.4508
-15.3553 20 85.3553
-20.4508 20 79.3893
-24.5503 20 72.6995
-27.5528 20 65.4508
-29.3844 20 57.8217
-30 20 50
-29.3844 20 42.1783
-27.5528 20 34.5492
-24.5503 20 27.3005
-20.4508 20 20.6107
-15.3553 20 14.6447
-9.38926 20 9.54915
-2.69952 20 5.44967
4.54915 20 2.44717
12.1783 20 0.615583
20 20 0
nan nan nan
20 20 100
13.6721 15.4025 99.3844
7.5 10.9182 97.5528
1.6357 6.65755 94.5503
-3.77641 2.72542 90.4508
-8.60307 -0.781347 85.3553
-12.7254 -3.77641 79.3893
-16.042 -6.18602 72.6995
-18.471 -7.95085 65.4508
-19.9528 -9.02743 57.8217
-20.4508 -9.38926 50
-19.9528 -9.02743 42.1783
-18.471 -7.95085 34.5492
-16.042 -6.18602 27.3005
-12.7254 -3.77641 20.6107
-8.60307 -0.781347 14.6447
-3.77641 2.72542 9.54915
1.6357 6.65755 5.44967
7.5 10.9182 2.44717
13.6721 15.4025 0.615583
20 20 0
nan nan nan
20 20 100
17.583 12.5611 99.3844
15.2254 5.30537 97.5528
12.9855 -1.58853 94.5503
10.9182 -7.95085 90.4508
9.0746 -13.6249 85.3553
7.5 -18.471 79.3893
6.23319 -22.3699 72.6995
5.30537 -25.2254 65.4508
4.73938 -26.9674 57.8217
4.54915 -27.5528 50
4.73938 -26.9674 42.1783
5.30537 -25.2254 34.5492
6.23319 -22.3699 27.3005
7.5 -18.471 20.6107
9.0746 -13.6249 14.6447
10.9182 -7.95085 9.54915
12.9855 -1.58853 5.44967
15.2254 5.30537 2.44717
17.583 12.5611 0.615583
20 20 0
nan nan nan
20 20 100
22.417 12.5611 99.3844
24.7746 5.30537 97.5528
27.0145 -1.58853 94.5503
29.0818 -7.95085 90.4508
30.9254 -13.6249 85.3553
32.5 -18.471 79.3893
33.7668 -22.3699 72.6995
34.6946 -25.2254 65.4508
35.2606 -26.9674 57.8217
35.4508 -27.5528 50
35.2606 -26.9674 42.1783
34.6946 -25.2254 34.5492
33.7668 -22.3699 27.3005
32.5 -18.471 20.6107
30.9254 -13.6249 14.6447
29.0818 -7.95085 9.54915
27.0145 -1.58853 5.44967
24.7746 5.30537 2.44717
22.417 12.5611 0.615583
20 20 0
nan nan nan
20 20 100
26.3279 15.4025 99.3844
32.5 10.9182 97.5528
38.3643 6.65755 94.5503
43.7764 2.72542 90.4508
48.6031 -0.781347 85.3553
52.7254 -3.77641 79.3893
56.042 -6.18602 72.6995
58.471 -7.95085 65.4508
59.9528 -9.02743 57.8217
60.4508 -9.38926 50
59.9528 -9.02743 42.1783
58.471 -7.95085 34.5492
56.042 -6.18602 27.3005
52.7254 -3.77641 20.6107
48.6031 -0.781347 14.6447
43.7764 2.72542 9.54915
38.3643 6.65755 5.44967
32.5 10.9182 2.44717
26.3279 15.4025 0.615583
20 20 0
nan nan nan
20 20 100
27.8217 20 99.3844
35.4508 20 97.5528
42.6995 20 94.5503
49.3893 20 90.4508
55.3553 20 85.3553
60.4508 20 79.3893
64.5503 20 72.6995
67.5528 20 65.4508
69.3844 20 57.8217
70 20 50
69.3844 20 42.1783
67.5528 20 34.5492
64.5503 20 27.3005
60.4508 20 20.6107
55.3553 20 14.6447
49.3893 20 9.54915
42.6995 20 5.44967
35.4508 20 2.44717
27.8217 20 0.615583
20 20 0
nan nan nan
